CO molecule on MgO (001) surface - 1 layer slab.  
CRYSTAL
0 0 0
225
4.217
2
12 0.5 0.5 0.5
8  0.0 0.0 0.0      Oxygen - crystal basis set
SLABCUT
0 0 1
1 1
ATOMSYMM            atomic sites symmetry analysis
ATOMINSE            molecule added on one side only - symmetry modified
2
6   0.0 0.0 4.1085
108 0.0 0.0 5.2085  Oxygen - molecular basis set 
ATOMSYMM            atomic sites symmetry analysis
SYMMOPS             printing of symmetry operators
ENDG                end of geometry part
12 3                Magnesium basis set
0  0  8  2.  1.
 68371.875      0.0002226
  9699.34009    0.0018982
  2041.176786   0.0110451
   529.862906   0.0500627
   159.186000   0.169123
    54.6848     0.367031
    21.2357     0.400410
     8.74604    0.14987
0  1  6  8.  1.
   156.795     -0.00624    0.00772
    31.0339    -0.07882    0.06427
     9.6453    -0.07992    0.2104
     3.7109     0.29063    0.34314
     1.61164    0.57164    0.3735
     0.64294    0.30664    0.23286
0 1 1 0. 1.
     0.4        1.         1.
8 3               Oxygen crystal basis set
0 0 8 2.0 1.0
  4000.0000    0.00144
  1355.5800    0.00764
   248.5450    0.05370
    69.5339    0.16818
    23.8868    0.36039
     9.27593   0.38612
     3.82034   0.14712
     1.23514   0.07105
0 1 5 8.0 1.0
    52.1878   -0.00873  0.00922
    10.3293   -0.08979  0.07068
     3.21034  -0.04079  0.20433
     1.23514   0.37666  0.34958
     0.536420  0.42248  0.27774
0 1 1 0.0 1.0
     0.21      1.0      1.0
6 2              Carbon basis set
0 0 3 2.0 1.0
  0.7161683735D+02  0.1543289673D+00
  0.1304509632D+02  0.5353281423D+00
  0.3530512160D+01  0.4446345422D+00
0 1 3 4.0 1.0
  0.2941249355D+01 -0.9996722919D-01  0.1559162750D+00
  0.6834830964D+00  0.3995128261D+00  0.6076837186D+00
  0.2222899159D+00  0.7001154689D+00  0.3919573931D+00
108 2           Oxygen molecular basis set
0 0 3 2.0 1.0
  0.1307093214D+03  0.1543289673D+00
  0.2380886605D+02  0.5353281423D+00
  0.6443608313D+01  0.4446345422D+00
0 1 3 6.0 1.0
  0.5033151319D+01 -0.9996722919D-01  0.1559162750D+00
  0.1169596125D+01  0.3995128261D+00  0.6076837186D+00
  0.3803889600D+00  0.7001154689D+00  0.3919573931D+00
99 0
END
SHRINK
4 4
FMIXING
30
PPAN
MAXCYCLE
50
ENDSCF
